residuals x 1000
      2.73     2.84     2.70         7   4   1
      2.36     3.37     4.33         8   5   2
      3.24     3.00     3.10         9   6   3
met laser residuals, ppm
      0.65     8.42    13.60         7   4   1
     -0.65     7.77    12.30         8   5   2
      0.00     7.77    12.95         9   6   3
met laser relative, ppm
     -7.12     0.65     5.83         7   4   1
     -8.42     0.00     4.53         8   5   2
     -7.77     0.00     5.18         9   6   3
 FOV   "a"       "b"     dmin     wmin      wfov
  1   0.979    0.0243   0.0027    13.60   772.0551 
  2   0.988    0.0176   0.0043    12.30   772.0541 
  3   0.989    0.0177   0.0031    12.95   772.0546 
  4   0.984    0.0202   0.0028     8.42   772.0511 
  5   0.989    0.0160   0.0034     7.77   772.0506 
  6   0.989    0.0163   0.0030     7.77   772.0506 
  7   0.988    0.0158   0.0027     0.65   772.0451 
  8   0.980    0.0232   0.0024    -0.65   772.0441 
  9   0.985    0.0190   0.0032     0.00   772.0446 

eng neon=703.43586 assigned neon=703.44765, wlaser=772.04458


